0.001 145.646 
0.001 150.001 
0.001 153.85 
0.001 157.236 
0.001 160.204 
0.001 162.799 
0.001 165.063 
0.001 167.034 
0.001 168.749 
0.001 170.24 
0.001 171.535 
0.001 172.66 
0.001 173.635 
0.001 174.482 
0.001 175.216 
0.001 175.853 
0.001 176.405 
0.001 176.883 
0.001 177.298
0.001 177.658 
3 145.646 
3 150.001 
3 153.85 
3 157.236 
3 160.204 
3 162.799 
3 165.063 
3 167.034 
3 168.749 
3 170.24 
3 171.535 
3 172.66 
3 173.635 
3 174.482 
3 175.216 
3 175.853 
3 176.405 
3 176.883 
3 177.298 
3 177.658 
6 145.646 
6 150.001 
6 153.85 
6 157.236 
6 160.204 
6 162.799 
6 165.063 
6 167.034 
6 168.749 
6 170.24 
6 171.535 
6 172.66 
6 173.635 
6 174.482 
6 175.216 
6 175.853 
6 176.405 
6 176.883 
6 177.298 
6 177.658 
9 145.646 
9 150.001 
9 153.85 
9 157.236 
9 160.204 
9 162.799 
9 165.063 
9 167.034 
9 168.749 
9 170.24 
9 171.535 
9 172.66 
9 173.635 
9 174.482 
9 175.216 
9 175.853 
9 176.405 
9 176.883 
9 177.298 
9 177.658 
12 145.646 
12 150.001 
12 153.85 
12 157.236 
12 160.204 
12 162.799 
12 165.063 
12 167.034 
12 168.749 
12 170.24 
12 171.535 
12 172.66 
12 173.635 
12 174.482 
12 175.216 
12 175.853 
12 176.405 
12 176.883 
12 177.298 
12 177.658 
15 145.646 
15 150.001 
15 153.85 
15 157.236 
15 160.204 
15 162.799 
15 165.063 
15 167.034 
15 168.749 
15 170.24 
15 171.535 
15 172.66 
15 173.635 
15 174.482 
15 175.216 
15 175.853 
15 176.405 
15 176.883 
15 177.298 
15 177.658 
18 145.646 
18 150.001 
18 153.85 
18 157.236 
18 160.204 
18 162.799 
18 165.063 
18 167.034 
18 168.749 
18 170.24 
18 171.535 
18 172.66 
18 173.635 
18 174.482 
18 175.216 
18 175.853 
18 176.405 
18 176.883 
18 177.298 
18 177.658 
21 145.646 
21 150.001 
21 153.85 
21 157.236 
21 160.204 
21 162.799 
21 165.063 
21 167.034 
21 168.749 
21 170.24 
21 171.535 
21 172.66 
21 173.635 
21 174.482 
21 175.216 
21 175.853 
21 176.405 
21 176.883 
21 177.298 
21 177.658 
24 145.646 
24 150.001 
24 153.85 
24 157.236 
24 160.204 
24 162.799 
24 165.063 
24 167.034 
24 168.749 
24 170.24 
24 171.535 
24 172.66 
24 173.635 
24 174.482 
24 175.216 
24 175.853 
24 176.405 
24 176.883 
24 177.298 
24 177.658 
27 145.646 
27 150.001 
27 153.85 
27 157.236 
27 160.204 
27 162.799 
27 165.063 
27 167.034 
27 168.749 
27 170.24 
27 171.535 
27 172.66 
27 173.635 
27 174.482 
27 175.216 
27 175.853 
27 176.405 
27 176.883 
27 177.298 
27 177.658 
30 145.646 
30 150.001 
30 153.85 
30 157.236 
30 160.204 
30 162.799 
30 165.063 
30 167.034 
30 168.749 
30 170.24 
30 171.535 
30 172.66 
30 173.635 
30 174.482 
30 175.216 
30 175.853 
30 176.405 
30 176.883 
30 177.298 
30 177.658 
33 145.646 
33 150.001 
33 153.85 
33 157.236 
33 160.204 
33 162.799 
33 165.063 
33 167.034 
33 168.749 
33 170.24 
33 171.535 
33 172.66 
33 173.635 
33 174.482 
33 175.216 
33 175.853 
33 176.405 
33 176.883 
33 177.298 
33 177.658 
36 145.646 
36 150.001 
36 153.85 
36 157.236 
36 160.204 
36 162.799 
36 165.063 
36 167.034 
36 168.749 
36 170.24 
36 171.535 
36 172.66 
36 173.635 
36 174.482 
36 175.216 
36 175.853 
36 176.405 
36 176.883 
36 177.298 
36 177.658 
39 145.646 
39 150.001 
39 153.85 
39 157.236 
39 160.204 
39 162.799 
39 165.063 
39 167.034 
39 168.749 
39 170.24 
39 171.535 
39 172.66 
39 173.635 
39 174.482 
39 175.216 
39 175.853 
39 176.405 
39 176.883 
39 177.298 
39 177.658 
42 145.646 
42 150.001 
42 153.85 
42 157.236 
42 160.204 
42 162.799 
42 165.063 
42 167.034 
42 168.749 
42 170.24 
42 171.535 
42 172.66 
42 173.635 
42 174.482 
42 175.216 
42 175.853 
42 176.405 
42 176.883 
42 177.298 
42 177.658 
45 145.646 
45 150.001 
45 153.85 
45 157.236 
45 160.204 
45 162.799 
45 165.063 
45 167.034 
45 168.749 
45 170.24 
45 171.535 
45 172.66 
45 173.635 
45 174.482 
45 175.216 
45 175.853 
45 176.405 
45 176.883 
45 177.298 
45 177.658 
48 145.646 
48 150.001 
48 153.85 
48 157.236 
48 160.204 
48 162.799 
48 165.063 
48 167.034 
48 168.749 
48 170.24 
48 171.535 
48 172.66 
48 173.635 
48 174.482 
48 175.216 
48 175.853 
48 176.405 
48 176.883 
48 177.298 
48 177.658 
51 145.646 
51 150.001 
51 153.85 
51 157.236 
51 160.204 
51 162.799 
51 165.063 
51 167.034 
51 168.749 
51 170.24 
51 171.535 
51 172.66 
51 173.635 
51 174.482 
51 175.216 
51 175.853 
51 176.405 
51 176.883 
51 177.298 
51 177.658 
54 145.646 
54 150.001 
54 153.85 
54 157.236 
54 160.204 
54 162.799 
54 165.063 
54 167.034 
54 168.749 
54 170.24 
54 171.535 
54 172.66 
54 173.635 
54 174.482 
54 175.216 
54 175.853 
54 176.405 
54 176.883 
54 177.298 
54 177.658 
57 145.646 
57 150.001 
57 153.85 
57 157.236 
57 160.204 
57 162.799 
57 165.063 
57 167.034 
57 168.749 
57 170.24 
57 171.535 
57 172.66 
57 173.635 
57 174.482 
57 175.216 
57 175.853 
57 176.405 
57 176.883 
57 177.298 
57 177.658 
60 145.646 
60 150.001 
60 153.85 
60 157.236 
60 160.204 
60 162.799 
60 165.063 
60 167.034 
60 168.749 
60 170.24 
60 171.535 
60 172.66 
60 173.635 
60 174.482 
60 175.216 
60 175.853 
60 176.405 
60 176.883 
60 177.298 
60 177.658 
63 145.646 
63 150.001 
63 153.85 
63 157.236 
63 160.204 
63 162.799 
63 165.063 
63 167.034 
63 168.749 
63 170.24 
63 171.535 
63 172.66 
63 173.635 
63 174.482 
63 175.216 
63 175.853 
63 176.405 
63 176.883 
63 177.298 
63 177.658 
66 145.646 
66 150.001 
66 153.85 
66 157.236 
66 160.204 
66 162.799 
66 165.063 
66 167.034 
66 168.749 
66 170.24 
66 171.535 
66 172.66 
66 173.635 
66 174.482 
66 175.216 
66 175.853 
66 176.405 
66 176.883 
66 177.298 
66 177.658 
69 145.646 
69 150.001 
69 153.85 
69 157.236 
69 160.204 
69 162.799 
69 165.063 
69 167.034 
69 168.749 
69 170.24 
69 171.535 
69 172.66 
69 173.635 
69 174.482 
69 175.216 
69 175.853 
69 176.405 
69 176.883 
69 177.298 
69 177.658 
72 145.646 
72 150.001 
72 153.85 
72 157.236 
72 160.204 
72 162.799 
72 165.063 
72 167.034 
72 168.749 
72 170.24 
72 171.535 
72 172.66 
72 173.635 
72 174.482 
72 175.216 
72 175.853 
72 176.405 
72 176.883 
72 177.298 
72 177.658 
75 145.646 
75 150.001 
75 153.85 
75 157.236 
75 160.204 
75 162.799 
75 165.063 
75 167.034 
75 168.749 
75 170.24 
75 171.535 
75 172.66 
75 173.635 
75 174.482 
75 175.216 
75 175.853 
75 176.405 
75 176.883 
75 177.298 
75 177.658 
78 145.646 
78 150.001 
78 153.85 
78 157.236 
78 160.204 
78 162.799 
78 165.063 
78 167.034 
78 168.749 
78 170.24 
78 171.535 
78 172.66 
78 173.635 
78 174.482 
78 175.216 
78 175.853 
78 176.405 
78 176.883 
78 177.298 
78 177.658 
81 145.646 
81 150.001 
81 153.85 
81 157.236 
81 160.204 
81 162.799 
81 165.063 
81 167.034 
81 168.749 
81 170.24 
81 171.535 
81 172.66 
81 173.635 
81 174.482 
81 175.216 
81 175.853 
81 176.405 
81 176.883 
81 177.298 
81 177.658 
84 145.646 
84 150.001 
84 153.85 
84 157.236 
84 160.204 
84 162.799 
84 165.063 
84 167.034 
84 168.749 
84 170.24 
84 171.535 
84 172.66 
84 173.635 
84 174.482 
84 175.216 
84 175.853 
84 176.405 
84 176.883 
84 177.298 
84 177.658 
87 145.646 
87 150.001 
87 153.85 
87 157.236 
87 160.204 
87 162.799 
87 165.063 
87 167.034 
87 168.749 
87 170.24 
87 171.535 
87 172.66 
87 173.635 
87 174.482 
87 175.216 
87 175.853 
87 176.405 
87 176.883 
87 177.298 
87 177.658 
